timestamp, actor_id, actor_type, event_type, cell_x, cell_y, genes
1663162754, 1, pill, created, 0, 0, 
1663162754, 2, pill, created, 9, 2, 
1663162754, 3, pill, created, 0, 0, 
1663162754, 4, pill, created, 7, 2, 
1663162754, 5, ghost, created, 0, 0, 
1663162754, 6, ghost, created, 0, 0, 
1663162754, 7, player, created, 0, 0, { [ ( 0.77155390417486) ( 0.96937733003912) ( -0.98310438812308) ( -0.88090216775851) ( 0.13976039583668) ( 0.5914989513187)] [ ( -0.0062769342577211 -0.16097759413892 0.12930653391342 0.74399283834442 -0.89393907583826 -0.99796333555888) ( 0.92006660416331 -0.8020558958914 -0.49599857018983 0.054187455666306 0.52569715380764 0.63841760020071) ( -0.78893682049113 0.12976415873297 -0.88766231154129 0.91618335245862 -0.38983792114269 0.68557692406233)] [ ( -0.99781625622763 0.64466089131175 0.5662436781295)]}
1663162758, 8, pill, created, 2, 13, 
1663162761, 7, player, destroyed, 2, 11, { [ ( 0.77155390417486) ( 0.96937733003912) ( -0.98310438812308) ( -0.88090216775851) ( 0.13976039583668) ( 0.5914989513187)] [ ( -0.0062769342577211 -0.16097759413892 0.12930653391342 0.74399283834442 -0.89393907583826 -0.99796333555888) ( 0.92006660416331 -0.8020558958914 -0.49599857018983 0.054187455666306 0.52569715380764 0.63841760020071) ( -0.78893682049113 0.12976415873297 -0.88766231154129 0.91618335245862 -0.38983792114269 0.68557692406233)] [ ( -0.99781625622763 0.64466089131175 0.5662436781295)]}
1663162761, 9, player, created, 2, 11, { [ ( -0.60275336762333) ( 0.81725243756354) ( 0.59138350223437) ( -0.63249611103302) ( -0.70987598178215) ( 0.11216572483202)] [ ( -0.67548763021236 0.98082294078114 -0.12204253550996 -0.69529015709051 -0.57996226200595 0.0059093227836546) ( -0.24003972218287 -0.48165200469087 -0.19278641104906 0.2887685307267 0.21196775322832 -0.60657529934967) ( -0.85391177305312 0.042036015041782 0.56859183784814 0.79860033382527 0.34148719505454 0.28643218850589)] [ ( 0.71608594128735 -0.95766723778185 0.81507772036831)]}
1663162762, 9, player, destroyed, 22, 6, { [ ( -0.60275336762333) ( 0.81725243756354) ( 0.59138350223437) ( -0.63249611103302) ( -0.70987598178215) ( 0.11216572483202)] [ ( -0.67548763021236 0.98082294078114 -0.12204253550996 -0.69529015709051 -0.57996226200595 0.0059093227836546) ( -0.24003972218287 -0.48165200469087 -0.19278641104906 0.2887685307267 0.21196775322832 -0.60657529934967) ( -0.85391177305312 0.042036015041782 0.56859183784814 0.79860033382527 0.34148719505454 0.28643218850589)] [ ( 0.71608594128735 -0.95766723778185 0.81507772036831)]}
1663162762, 10, player, created, 22, 6, { [ ( -0.7148206688045) ( 0.74544667987903) ( 0.571466699249) ( 0.67610076469729) ( 0.35173532027413) ( 0.40861411779345)] [ ( 0.38914455989959 0.9207144488476 0.40857726473283 -0.6746949833717 0.89813791970439 -0.22786775319799) ( 0.58645952187985 0.26562535446699 -0.051815098569934 0.84043112645899 -0.65734853006791 0.73266267859966) ( 0.18246594860865 -0.8924643625241 -0.24250725425468 0.085661281319448 0.96847597985204 0.96069570262841)] [ ( 0.37198379331446 -0.60729257629223 -0.24073264181518)]}
1663162762, 10, player, destroyed, 27, 8, { [ ( -0.7148206688045) ( 0.74544667987903) ( 0.571466699249) ( 0.67610076469729) ( 0.35173532027413) ( 0.40861411779345)] [ ( 0.38914455989959 0.9207144488476 0.40857726473283 -0.6746949833717 0.89813791970439 -0.22786775319799) ( 0.58645952187985 0.26562535446699 -0.051815098569934 0.84043112645899 -0.65734853006791 0.73266267859966) ( 0.18246594860865 -0.8924643625241 -0.24250725425468 0.085661281319448 0.96847597985204 0.96069570262841)] [ ( 0.37198379331446 -0.60729257629223 -0.24073264181518)]}
1663162762, 11, player, created, 27, 8, { [ ( 0.23228761080177) ( -0.47913051832633) ( -0.9606496409359) ( -0.61387262415488) ( 0.23988671601596) ( -0.26924854700366)] [ ( 0.63339860488514 0.46854937095314 0.91823980995459 -0.86098070915135 -0.49711680025309 0.89410231517664) ( 0.25911436882868 0.99712027591467 0.61747863529545 0.36258741112008 0.69107934969527 0.49275515884426) ( 0.63976379953285 -0.15892546738177 0.65759141883266 -0.83067780150807 -0.87784480673732 -0.02237971678658)] [ ( 0.57425593935017 -0.83580277499777 0.11710481371754)]}
1663162763, 11, player, destroyed, 27, 10, { [ ( 0.23228761080177) ( -0.47913051832633) ( -0.9606496409359) ( -0.61387262415488) ( 0.23988671601596) ( -0.26924854700366)] [ ( 0.63339860488514 0.46854937095314 0.91823980995459 -0.86098070915135 -0.49711680025309 0.89410231517664) ( 0.25911436882868 0.99712027591467 0.61747863529545 0.36258741112008 0.69107934969527 0.49275515884426) ( 0.63976379953285 -0.15892546738177 0.65759141883266 -0.83067780150807 -0.87784480673732 -0.02237971678658)] [ ( 0.57425593935017 -0.83580277499777 0.11710481371754)]}
1663162763, 12, player, created, 27, 10, { [ ( -0.57312193753259) ( -0.43799220079415) ( -0.59654958052816) ( -0.1853267617387) ( 0.24425028022941) ( 0.74996502951963)] [ ( -0.86255166644021 -0.4736028127918 0.20212409646602 0.098958064241115 0.90792755138897 0.71066040520785) ( -0.52586565213163 0.12363813851453 -0.11335145294845 -0.091401601407345 0.63255650858442 -0.40575161865508) ( 0.54436588081866 -0.43110013483185 0.30316006844243 -0.070530567013378 -0.71225532555247 -0.11617235943419)] [ ( -0.024160248622671 0.23984166802434 0.12126221399577)]}
1663162763, 12, player, destroyed, 22, 8, { [ ( -0.57312193753259) ( -0.43799220079415) ( -0.59654958052816) ( -0.1853267617387) ( 0.24425028022941) ( 0.74996502951963)] [ ( -0.86255166644021 -0.4736028127918 0.20212409646602 0.098958064241115 0.90792755138897 0.71066040520785) ( -0.52586565213163 0.12363813851453 -0.11335145294845 -0.091401601407345 0.63255650858442 -0.40575161865508) ( 0.54436588081866 -0.43110013483185 0.30316006844243 -0.070530567013378 -0.71225532555247 -0.11617235943419)] [ ( -0.024160248622671 0.23984166802434 0.12126221399577)]}
1663162763, 13, player, created, 22, 8, { [ ( -0.52847846350551) ( 0.49501984742705) ( -0.4238648037172) ( 0.63883277154825) ( 0.70972116930988) ( -0.16219332279133)] [ ( -0.62192447180079 -0.99592010133957 0.18087001996182 -0.016192272026095 -0.84661050449624 -0.69485269617448) ( -0.057548494550238 -0.37871178642041 0.81112144076568 0.90712376717685 -0.82293590412887 -0.54997733324325) ( -0.11023575535958 -0.01690777302828 0.13541254792193 0.68750989162805 -0.64176364095811 -0.35963115379146)] [ ( -0.57577937062043 0.67063135708291 -0.20684168846049)]}
1663162764, 6, ghost, destroyed, 13, 5, 
1663162764, 14, ghost, created, 13, 5, 
1663162766, 15, pill, created, 13, 2, 
1663162768, 13, player, destroyed, 13, 4, { [ ( -0.52847846350551) ( 0.49501984742705) ( -0.4238648037172) ( 0.63883277154825) ( 0.70972116930988) ( -0.16219332279133)] [ ( -0.62192447180079 -0.99592010133957 0.18087001996182 -0.016192272026095 -0.84661050449624 -0.69485269617448) ( -0.057548494550238 -0.37871178642041 0.81112144076568 0.90712376717685 -0.82293590412887 -0.54997733324325) ( -0.11023575535958 -0.01690777302828 0.13541254792193 0.68750989162805 -0.64176364095811 -0.35963115379146)] [ ( -0.57577937062043 0.67063135708291 -0.20684168846049)]}
1663162768, 16, player, created, 13, 4, { [ ( 0.18851763285113) ( -0.24980271605176) ( 0.87445402053726) ( 0.31435366556148) ( -0.016849820916437) ( -0.50677164176687)] [ ( -0.90895880302986 0.22289955627034 -0.92349407573848 0.50816016358293 0.46477995265001 -0.15425267089177) ( 0.10393948276557 -0.88054689722528 0.094197420095372 -0.88745713269178 0.82536236767096 0.54385853008465) ( -0.83071417353019 0.82910132672191 -0.89009026994734 -0.84023658844308 -0.5213786134127 0.28990401218233)] [ ( 0.37459783533854 0.98561667975226 -0.57176665284024)]}
1663162772, 16, player, destroyed, 2, 6, { [ ( 0.18851763285113) ( -0.24980271605176) ( 0.87445402053726) ( 0.31435366556148) ( -0.016849820916437) ( -0.50677164176687)] [ ( -0.90895880302986 0.22289955627034 -0.92349407573848 0.50816016358293 0.46477995265001 -0.15425267089177) ( 0.10393948276557 -0.88054689722528 0.094197420095372 -0.88745713269178 0.82536236767096 0.54385853008465) ( -0.83071417353019 0.82910132672191 -0.89009026994734 -0.84023658844308 -0.5213786134127 0.28990401218233)] [ ( 0.37459783533854 0.98561667975226 -0.57176665284024)]}
1663162772, 17, player, created, 2, 6, { [ ( -0.37002494613931) ( -0.97018590934529) ( -0.60435091048383) ( -0.80559328575648) ( -0.76610576123103) ( -0.27099610181823)] [ ( 0.56056978331459 0.61928182391959 -0.04437033536269 -0.46886321002503 0.79105425051628 0.020594319215033) ( 0.47572228463929 -0.59205075488396 -0.36377035211745 0.37747702970322 0.029727205513608 -0.92989433575531) ( 0.47627816852994 0.79938444947977 -0.60880496374435 -0.59949314097163 0.61144241083747 -0.5368449955566)] [ ( 0.28646458160328 0.18851327715241 0.46003756706013)]}
1663162772, 17, player, destroyed, 7, 3, { [ ( -0.37002494613931) ( -0.97018590934529) ( -0.60435091048383) ( -0.80559328575648) ( -0.76610576123103) ( -0.27099610181823)] [ ( 0.56056978331459 0.61928182391959 -0.04437033536269 -0.46886321002503 0.79105425051628 0.020594319215033) ( 0.47572228463929 -0.59205075488396 -0.36377035211745 0.37747702970322 0.029727205513608 -0.92989433575531) ( 0.47627816852994 0.79938444947977 -0.60880496374435 -0.59949314097163 0.61144241083747 -0.5368449955566)] [ ( 0.28646458160328 0.18851327715241 0.46003756706013)]}
1663162772, 18, player, created, 7, 3, { [ ( -0.36381064943868) ( 0.39184570188173) ( -0.84440460244927) ( -0.87933987142511) ( -0.80798058471452) ( 0.4593386955164)] [ ( 0.99975052949835 0.63933298883613 0.12071700908216 0.44006369741456 0.65497452170754 0.42416719058362) ( -0.7259778130569 0.42597677776719 -0.02920627848694 0.1916286456951 -0.4014045725669 -0.030558793935632) ( -0.030495742477502 -0.38466047310343 -0.84707432751063 0.21726701015132 0.4705977158244 0.34219529733162)] [ ( -0.62404353225497 0.53724320063249 -0.74322619063327)]}
1663162773, 18, player, destroyed, 16, 5, { [ ( -0.36381064943868) ( 0.39184570188173) ( -0.84440460244927) ( -0.87933987142511) ( -0.80798058471452) ( 0.4593386955164)] [ ( 0.99975052949835 0.63933298883613 0.12071700908216 0.44006369741456 0.65497452170754 0.42416719058362) ( -0.7259778130569 0.42597677776719 -0.02920627848694 0.1916286456951 -0.4014045725669 -0.030558793935632) ( -0.030495742477502 -0.38466047310343 -0.84707432751063 0.21726701015132 0.4705977158244 0.34219529733162)] [ ( -0.62404353225497 0.53724320063249 -0.74322619063327)]}
1663162773, 19, player, created, 16, 5, { [ ( 0.89378701203414) ( 0.15293659785081) ( 0.16575257548539) ( 0.52419805836855) ( -0.51576478779357) ( 0.9059134305268)] [ ( -0.93397525699653 0.38173269937453 0.19682560229741 0.21991313893746 0.69506161733669 -0.37182650237326) ( 0.70170756074794 -0.35621600103924 -0.78763179313067 -0.10175197351323 -0.57362287374322 0.44223242004208) ( -0.42748624487593 0.17818198340892 -0.097931477598946 0.3227591973901 0.016130004000187 0.14743881531432)] [ ( 0.020601799788498 -0.14145458339126 -0.32320958589576)]}
1663162773, 19, player, destroyed, 10, 13, { [ ( 0.89378701203414) ( 0.15293659785081) ( 0.16575257548539) ( 0.52419805836855) ( -0.51576478779357) ( 0.9059134305268)] [ ( -0.93397525699653 0.38173269937453 0.19682560229741 0.21991313893746 0.69506161733669 -0.37182650237326) ( 0.70170756074794 -0.35621600103924 -0.78763179313067 -0.10175197351323 -0.57362287374322 0.44223242004208) ( -0.42748624487593 0.17818198340892 -0.097931477598946 0.3227591973901 0.016130004000187 0.14743881531432)] [ ( 0.020601799788498 -0.14145458339126 -0.32320958589576)]}
1663162773, 20, player, created, 10, 13, { [ ( -0.41107731741533) ( 0.94383554267393) ( -0.77935064898051) ( -0.58077284694849) ( 0.55507665157646) ( -0.83979880120472)] [ ( 0.11378179936918 -0.82197908632134 -0.85887101328849 0.04511423691846 -0.038477159954335 -0.37178026577871) ( 0.66613312236438 0.098321801631779 -0.55608781254298 0.34313491002133 0.021173616316554 -0.79514993132056) ( 0.91847206708733 -0.24292129374699 0.020646732499198 0.99956821729576 -0.37202929716395 0.93042267339738)] [ ( 0.13234447310762 0.73428918041531 0.65066435771483)]}
1663162774, 20, player, destroyed, 27, 5, { [ ( -0.41107731741533) ( 0.94383554267393) ( -0.77935064898051) ( -0.58077284694849) ( 0.55507665157646) ( -0.83979880120472)] [ ( 0.11378179936918 -0.82197908632134 -0.85887101328849 0.04511423691846 -0.038477159954335 -0.37178026577871) ( 0.66613312236438 0.098321801631779 -0.55608781254298 0.34313491002133 0.021173616316554 -0.79514993132056) ( 0.91847206708733 -0.24292129374699 0.020646732499198 0.99956821729576 -0.37202929716395 0.93042267339738)] [ ( 0.13234447310762 0.73428918041531 0.65066435771483)]}
1663162774, 21, player, created, 27, 5, { [ ( 0.68468575714919) ( 0.5747114622813) ( 0.72147258241746) ( 0.69279261542194) ( 0.53987178361634) ( 0.33257978981799)] [ ( -0.49932335557959 0.27737941424402 0.084558343899095 0.66753715813391 0.24685010981667 -0.16406468121305) ( -0.27169317536423 0.89566138169477 -0.26963389506081 -0.82511989447223 0.027633659445623 0.093468460690266) ( 0.66602051497748 0.9248390795 0.78980281571116 0.27589220883228 -0.32720051106403 -0.45398775713763)] [ ( 0.59940025405023 -0.92188217413088 -0.7032564100727)]}
1663162774, 21, player, destroyed, 26, 2, { [ ( 0.68468575714919) ( 0.5747114622813) ( 0.72147258241746) ( 0.69279261542194) ( 0.53987178361634) ( 0.33257978981799)] [ ( -0.49932335557959 0.27737941424402 0.084558343899095 0.66753715813391 0.24685010981667 -0.16406468121305) ( -0.27169317536423 0.89566138169477 -0.26963389506081 -0.82511989447223 0.027633659445623 0.093468460690266) ( 0.66602051497748 0.9248390795 0.78980281571116 0.27589220883228 -0.32720051106403 -0.45398775713763)] [ ( 0.59940025405023 -0.92188217413088 -0.7032564100727)]}
1663162774, 22, player, created, 26, 2, { [ ( 0.88168279836686) ( -0.28541993545201) ( -0.12856739531662) ( -0.31743448056106) ( 0.72245867571283) ( -0.87123945596568)] [ ( 0.68544060908198 0.30892276868064 0.2356270243477 -0.17574236485483 0.66461209604858 -0.39397180610988) ( -0.18621688897693 -0.68333551096746 0.4474266500217 -0.30101931530618 0.62101936870356 -0.50565133152849) ( -0.26993041617383 0.66443608137853 -0.057865755853393 -0.12827754956323 0.62184800597121 0.86016515022897)] [ ( -0.039079489926549 -0.36639729094571 -0.95677770825513)]}
1663162774, 22, player, destroyed, 13, 12, { [ ( 0.88168279836686) ( -0.28541993545201) ( -0.12856739531662) ( -0.31743448056106) ( 0.72245867571283) ( -0.87123945596568)] [ ( 0.68544060908198 0.30892276868064 0.2356270243477 -0.17574236485483 0.66461209604858 -0.39397180610988) ( -0.18621688897693 -0.68333551096746 0.4474266500217 -0.30101931530618 0.62101936870356 -0.50565133152849) ( -0.26993041617383 0.66443608137853 -0.057865755853393 -0.12827754956323 0.62184800597121 0.86016515022897)] [ ( -0.039079489926549 -0.36639729094571 -0.95677770825513)]}
1663162774, 23, player, created, 13, 12, { [ ( -0.017370560965943) ( -0.68557864978743) ( 0.99947664224081) ( -0.93182117839804) ( -0.57147435669574) ( -0.37620049848159)] [ ( -0.98656215124426 -0.44472675273608 -0.36438804252638 0.24337157097212 0.30924854868335 -0.10424948296182) ( -0.36104699426852 0.11312874512525 0.094573637712375 0.79626046669275 -0.97557225909911 0.56266858932283) ( 0.58995240604036 -0.64514397701636 -0.43636356378819 0.42367372284486 0.080873003350977 0.66431770249996)] [ ( 0.37370162592592 0.54536370736578 -0.53589647824656)]}
1663162775, 23, player, destroyed, 27, 9, { [ ( -0.017370560965943) ( -0.68557864978743) ( 0.99947664224081) ( -0.93182117839804) ( -0.57147435669574) ( -0.37620049848159)] [ ( -0.98656215124426 -0.44472675273608 -0.36438804252638 0.24337157097212 0.30924854868335 -0.10424948296182) ( -0.36104699426852 0.11312874512525 0.094573637712375 0.79626046669275 -0.97557225909911 0.56266858932283) ( 0.58995240604036 -0.64514397701636 -0.43636356378819 0.42367372284486 0.080873003350977 0.66431770249996)] [ ( 0.37370162592592 0.54536370736578 -0.53589647824656)]}
1663162775, 24, player, created, 27, 9, { [ ( -0.6591451911489) ( 0.43897113928866) ( 0.74924409381669) ( -0.87240433691467) ( 0.42961644706302) ( -0.85831540076984)] [ ( 0.51484389016058 0.97940093652277 -0.45735279152771 0.014680062057088 -0.87954771591105 -0.48263611974346) ( -0.45099373147975 0.68293817796743 0.36698424525147 -0.37475941525074 -0.32949567301616 -0.48741282843825) ( -0.26551362803159 -0.00697160283224 0.53397946277733 -0.13308635933145 -0.12256760196527 -0.32743224291888)] [ ( 0.35231544794905 0.46356588328179 0.28870006567693)]}
1663162779, 24, player, destroyed, 7, 8, { [ ( -0.6591451911489) ( 0.43897113928866) ( 0.74924409381669) ( -0.87240433691467) ( 0.42961644706302) ( -0.85831540076984)] [ ( 0.51484389016058 0.97940093652277 -0.45735279152771 0.014680062057088 -0.87954771591105 -0.48263611974346) ( -0.45099373147975 0.68293817796743 0.36698424525147 -0.37475941525074 -0.32949567301616 -0.48741282843825) ( -0.26551362803159 -0.00697160283224 0.53397946277733 -0.13308635933145 -0.12256760196527 -0.32743224291888)] [ ( 0.35231544794905 0.46356588328179 0.28870006567693)]}
1663162779, 25, player, created, 7, 8, { [ ( 0.11087720727154) ( 0.0033917733537299) ( -0.58855941933331) ( 0.85552039259085) ( 0.60840427058084) ( 0.3733890023464)] [ ( 0.33691859772496 0.29289036203014 0.15808314760679 0.62744069947836 -0.20915234805745 -0.024957687526143) ( 0.14888425862166 0.56853870296131 -0.70062610377605 -0.45163016393336 -0.21533183266856 -0.84675087602562) ( -0.2276103372473 0.91000756342768 0.16169780505665 -0.5799568009994 0.4588352874007 -0.6692838054346)] [ ( -0.96644559675867 0.097704256234582 0.96598121853352)]}
1663162779, 25, player, destroyed, 10, 12, { [ ( 0.11087720727154) ( 0.0033917733537299) ( -0.58855941933331) ( 0.85552039259085) ( 0.60840427058084) ( 0.3733890023464)] [ ( 0.33691859772496 0.29289036203014 0.15808314760679 0.62744069947836 -0.20915234805745 -0.024957687526143) ( 0.14888425862166 0.56853870296131 -0.70062610377605 -0.45163016393336 -0.21533183266856 -0.84675087602562) ( -0.2276103372473 0.91000756342768 0.16169780505665 -0.5799568009994 0.4588352874007 -0.6692838054346)] [ ( -0.96644559675867 0.097704256234582 0.96598121853352)]}
1663162779, 26, player, created, 10, 12, { [ ( 0.26414035997295) ( 0.87476965343982) ( -0.63054468154231) ( 0.52081725272085) ( -0.44471762505489) ( 0.21692236554849)] [ ( 0.96668545726631 0.24830405852383 0.54534766936994 0.43776987186684 -0.20873210503128 0.30267323233016) ( 0.037296544947852 0.8788923463332 0.48068718124794 0.19133797152487 0.84546955063944 0.0587695382323) ( -0.82923391877387 0.85217673107936 -0.15930815451029 0.50246044306617 0.65546194037139 0.81334687812825)] [ ( -0.99151494951451 0.82694558076446 -0.89908114244062)]}
1663162780, 26, player, destroyed, 19, 12, { [ ( 0.26414035997295) ( 0.87476965343982) ( -0.63054468154231) ( 0.52081725272085) ( -0.44471762505489) ( 0.21692236554849)] [ ( 0.96668545726631 0.24830405852383 0.54534766936994 0.43776987186684 -0.20873210503128 0.30267323233016) ( 0.037296544947852 0.8788923463332 0.48068718124794 0.19133797152487 0.84546955063944 0.0587695382323) ( -0.82923391877387 0.85217673107936 -0.15930815451029 0.50246044306617 0.65546194037139 0.81334687812825)] [ ( -0.99151494951451 0.82694558076446 -0.89908114244062)]}
1663162780, 27, player, created, 19, 12, { [ ( -0.41225771250701) ( 0.53122641051402) ( 0.62502616616585) ( -0.16253888919838) ( -0.40371009592152) ( 0.42950743666619)] [ ( 0.06456569663693 0.047343238276727 -0.81691361833288 0.27000651189283 0.95100589063519 -0.56027366468577) ( -0.44812332414438 -0.39080947437808 -0.61532191566151 -0.74987841238587 -0.32759532187438 0.29619345122303) ( 0.47245321960607 -0.69412419851306 -0.93237065991675 0.47050476438407 -0.52417894592889 -0.43321975280925)] [ ( -0.33283423103401 0.74721543765997 -0.18702751032869)]}
1663162781, 27, player, destroyed, 2, 4, { [ ( -0.41225771250701) ( 0.53122641051402) ( 0.62502616616585) ( -0.16253888919838) ( -0.40371009592152) ( 0.42950743666619)] [ ( 0.06456569663693 0.047343238276727 -0.81691361833288 0.27000651189283 0.95100589063519 -0.56027366468577) ( -0.44812332414438 -0.39080947437808 -0.61532191566151 -0.74987841238587 -0.32759532187438 0.29619345122303) ( 0.47245321960607 -0.69412419851306 -0.93237065991675 0.47050476438407 -0.52417894592889 -0.43321975280925)] [ ( -0.33283423103401 0.74721543765997 -0.18702751032869)]}
1663162781, 28, player, created, 2, 4, { [ ( -0.20491385588829) ( -0.44585146733442) ( 0.12655836382418) ( 0.63427163089489) ( -0.076907573385688) ( 0.27615210589435)] [ ( -0.50989615574468 0.65416690639332 -0.060730802277305 -0.5297413654115 -0.86967394488195 -0.93684997081575) ( 0.041657331935764 0.084291188614459 -0.033381583887504 0.41142981346169 -0.46047824959782 -0.97006556803506) ( -0.63626253408513 -0.78778209970711 0.30678934291174 0.90254353030146 0.82577191058377 -0.94592236955151)] [ ( -0.77786674213692 -0.98044849123628 0.1418514060472)]}
1663162783, 28, player, destroyed, 19, 12, { [ ( -0.20491385588829) ( -0.44585146733442) ( 0.12655836382418) ( 0.63427163089489) ( -0.076907573385688) ( 0.27615210589435)] [ ( -0.50989615574468 0.65416690639332 -0.060730802277305 -0.5297413654115 -0.86967394488195 -0.93684997081575) ( 0.041657331935764 0.084291188614459 -0.033381583887504 0.41142981346169 -0.46047824959782 -0.97006556803506) ( -0.63626253408513 -0.78778209970711 0.30678934291174 0.90254353030146 0.82577191058377 -0.94592236955151)] [ ( -0.77786674213692 -0.98044849123628 0.1418514060472)]}
1663162783, 29, player, created, 19, 12, { [ ( 0.28369342915649) ( 0.59467146620355) ( -0.15886107665655) ( -0.89621008738316) ( 0.69572192609272) ( -0.50710593461836)] [ ( 0.19031387393925 0.070235979375953 0.20627340492301 -0.66222491857629 0.8135839653494 0.60071823847959) ( -0.63989039331341 0.4835778392473 -0.26239692711276 -0.10555925545288 -0.73766626494526 -0.6568465873827) ( -0.53720202662237 -0.66702452287121 0.27318133866647 0.99982823523045 -0.71580922321588 -0.25720220762353)] [ ( 0.82003959987982 -0.50142706296701 -0.1452519403451)]}
1663162783, 29, player, destroyed, 10, 12, { [ ( 0.28369342915649) ( 0.59467146620355) ( -0.15886107665655) ( -0.89621008738316) ( 0.69572192609272) ( -0.50710593461836)] [ ( 0.19031387393925 0.070235979375953 0.20627340492301 -0.66222491857629 0.8135839653494 0.60071823847959) ( -0.63989039331341 0.4835778392473 -0.26239692711276 -0.10555925545288 -0.73766626494526 -0.6568465873827) ( -0.53720202662237 -0.66702452287121 0.27318133866647 0.99982823523045 -0.71580922321588 -0.25720220762353)] [ ( 0.82003959987982 -0.50142706296701 -0.1452519403451)]}
1663162783, 30, player, created, 10, 12, { [ ( 0.18987036576751) ( 0.16471852062072) ( -0.54917659918507) ( -0.37292623312611) ( -0.72494012990632) ( -0.96105667389329)] [ ( 0.83984779423173 0.53214997713042 0.59130695524767 0.29787293206396 -0.50359695329475 -0.079442455442692) ( 0.72681959673821 0.03087855664114 0.2804688843433 0.8449801482698 -0.18318530090083 -0.46137865724379) ( -0.7040531752006 -0.8192332962112 -0.95237159991015 -0.61469698305691 -0.8990888909164 -0.4904585510107)] [ ( -0.46169660743622 0.34489396642141 -0.6910232601049)]}
1663162784, 30, player, destroyed, 10, 7, { [ ( 0.18987036576751) ( 0.16471852062072) ( -0.54917659918507) ( -0.37292623312611) ( -0.72494012990632) ( -0.96105667389329)] [ ( 0.83984779423173 0.53214997713042 0.59130695524767 0.29787293206396 -0.50359695329475 -0.079442455442692) ( 0.72681959673821 0.03087855664114 0.2804688843433 0.8449801482698 -0.18318530090083 -0.46137865724379) ( -0.7040531752006 -0.8192332962112 -0.95237159991015 -0.61469698305691 -0.8990888909164 -0.4904585510107)] [ ( -0.46169660743622 0.34489396642141 -0.6910232601049)]}
1663162784, 31, player, created, 10, 7, { [ ( -0.94065342399265) ( -0.86601294727835) ( -0.23274163590472) ( -0.24522745551705) ( 0.46396162840888) ( 0.41880156746112)] [ ( -0.0065015752261477 0.86571459749295 -0.33812100583984 0.2412846302727 -0.80347194434158 -0.76215538532009) ( -0.60580363247398 0.85183031766697 0.27403708600966 0.93364592687131 0.85650413873698 0.57662074127266) ( 0.89526022107668 0.69297605501395 0.51709817666899 0.99928387365852 0.57958827258099 -0.36746400723338)] [ ( -0.72835169951346 0.1590256524445 -0.39474720247021)]}
1663162786, 31, player, destroyed, 27, 9, { [ ( -0.94065342399265) ( -0.86601294727835) ( -0.23274163590472) ( -0.24522745551705) ( 0.46396162840888) ( 0.41880156746112)] [ ( -0.0065015752261477 0.86571459749295 -0.33812100583984 0.2412846302727 -0.80347194434158 -0.76215538532009) ( -0.60580363247398 0.85183031766697 0.27403708600966 0.93364592687131 0.85650413873698 0.57662074127266) ( 0.89526022107668 0.69297605501395 0.51709817666899 0.99928387365852 0.57958827258099 -0.36746400723338)] [ ( -0.72835169951346 0.1590256524445 -0.39474720247021)]}
1663162786, 32, player, created, 27, 9, { [ ( -0.66694536449176) ( -0.81692283395146) ( 0.55705215918376) ( -0.37744089204562) ( -0.93526466624395) ( -0.27820101167813)] [ ( 0.58723304175344 -0.21801647478087 -0.015922392312501 -0.86567988757115 -0.16483591604589 0.13487059538598) ( 0.83596648786367 0.66297144145121 0.046629278569449 -0.53288690469983 0.097253952993712 0.024333272815274) ( 0.53119146463794 -0.1628784474868 -0.91214874141731 0.51112278665819 0.9076838030085 -0.31205926203156)] [ ( -0.017806005313381 -0.65243167119225 -0.66506248611183)]}
1663162786, 32, player, destroyed, 13, 10, { [ ( -0.66694536449176) ( -0.81692283395146) ( 0.55705215918376) ( -0.37744089204562) ( -0.93526466624395) ( -0.27820101167813)] [ ( 0.58723304175344 -0.21801647478087 -0.015922392312501 -0.86567988757115 -0.16483591604589 0.13487059538598) ( 0.83596648786367 0.66297144145121 0.046629278569449 -0.53288690469983 0.097253952993712 0.024333272815274) ( 0.53119146463794 -0.1628784474868 -0.91214874141731 0.51112278665819 0.9076838030085 -0.31205926203156)] [ ( -0.017806005313381 -0.65243167119225 -0.66506248611183)]}
1663162786, 33, player, created, 13, 10, { [ ( 0.53782411748827) ( 0.83092485109575) ( -0.26119700492395) ( -0.82400066959368) ( -0.19836902953592) ( -0.038877395167198)] [ ( -0.28918206994431 0.1292056297596 -0.92057292938377 -0.22887382179707 0.7208102963325 0.7895634417621) ( 0.47339825965912 0.011702744589292 0.90674345513216 -0.983461209218 -0.83332819431098 -0.70268036627216) ( -0.99160646735936 0.57069489462268 0.0090720610286712 0.41670523454475 -0.61122147915354 0.20510278952522)] [ ( -0.56249668684939 -0.17900459944282 -0.43117029298672)]}
1663162787, 33, player, destroyed, 10, 13, { [ ( 0.53782411748827) ( 0.83092485109575) ( -0.26119700492395) ( -0.82400066959368) ( -0.19836902953592) ( -0.038877395167198)] [ ( -0.28918206994431 0.1292056297596 -0.92057292938377 -0.22887382179707 0.7208102963325 0.7895634417621) ( 0.47339825965912 0.011702744589292 0.90674345513216 -0.983461209218 -0.83332819431098 -0.70268036627216) ( -0.99160646735936 0.57069489462268 0.0090720610286712 0.41670523454475 -0.61122147915354 0.20510278952522)] [ ( -0.56249668684939 -0.17900459944282 -0.43117029298672)]}
1663162787, 34, player, created, 10, 13, { [ ( 0.28409283093996) ( 0.73685208139947) ( -0.4205856852316) ( 0.31125959383163) ( -0.56450020652905) ( -0.095628576841439)] [ ( 0.33914745729219 -0.77630387285182 -0.51172643387163 0.29814195017008 -0.94815061023705 -0.58616388845603) ( -0.22321150412884 0.79035290359725 0.087731552567676 0.67506344857509 0.94907818163559 -0.068849248902218) ( -0.81410243647413 -0.049721420157259 -0.60520138793397 0.4149311844991 -0.81099880571045 -0.64821288455429)] [ ( 0.56148139240469 -0.96454353144192 -0.509977392064)]}
1663162787, 34, player, destroyed, 16, 10, { [ ( 0.28409283093996) ( 0.73685208139947) ( -0.4205856852316) ( 0.31125959383163) ( -0.56450020652905) ( -0.095628576841439)] [ ( 0.33914745729219 -0.77630387285182 -0.51172643387163 0.29814195017008 -0.94815061023705 -0.58616388845603) ( -0.22321150412884 0.79035290359725 0.087731552567676 0.67506344857509 0.94907818163559 -0.068849248902218) ( -0.81410243647413 -0.049721420157259 -0.60520138793397 0.4149311844991 -0.81099880571045 -0.64821288455429)] [ ( 0.56148139240469 -0.96454353144192 -0.509977392064)]}
1663162787, 35, player, created, 16, 10, { [ ( 0.96951084150895) ( -0.045667408580554) ( 0.98260431762537) ( -0.65531148905978) ( -0.61377814416982) ( -0.27488633496621)] [ ( 0.63981205956386 -0.83803071699967 0.16111430212427 0.12604470082311 -0.80189916664338 -0.42721435262965) ( -0.97874574310872 0.82453103625495 0.65267393425334 0.25816810376546 0.80684430804632 0.53517188518595) ( 0.57775882498879 0.55282220982954 0.19444622628844 -0.63158974445997 0.20942980397208 -0.083333460625587)] [ ( 0.58767700718116 -0.62188964740673 0.38233685660596)]}
1663162787, 35, player, destroyed, 16, 11, { [ ( 0.96951084150895) ( -0.045667408580554) ( 0.98260431762537) ( -0.65531148905978) ( -0.61377814416982) ( -0.27488633496621)] [ ( 0.63981205956386 -0.83803071699967 0.16111430212427 0.12604470082311 -0.80189916664338 -0.42721435262965) ( -0.97874574310872 0.82453103625495 0.65267393425334 0.25816810376546 0.80684430804632 0.53517188518595) ( 0.57775882498879 0.55282220982954 0.19444622628844 -0.63158974445997 0.20942980397208 -0.083333460625587)] [ ( 0.58767700718116 -0.62188964740673 0.38233685660596)]}
1663162787, 36, player, created, 16, 11, { [ ( 0.49730098798067) ( 0.4942449916453) ( -0.30806672082244) ( -0.32574344518893) ( 0.92234753572063) ( 0.75443812757145)] [ ( 0.95558780334688 0.25410859465099 0.043614497989203 0.31669414874259 -0.81303363788342 -0.56440787062874) ( -0.24736060668826 -0.89198305384738 -0.67005747400056 0.4762617923267 0.42465948590611 -0.95877829615297) ( -0.19867986530593 0.05990520379843 -0.87962828041564 0.86797674817566 -0.8326742734917 0.72824450079781)] [ ( 0.71146514835607 0.35781696135702 -0.73762736107457)]}
1663162787, 36, player, destroyed, 16, 4, { [ ( 0.49730098798067) ( 0.4942449916453) ( -0.30806672082244) ( -0.32574344518893) ( 0.92234753572063) ( 0.75443812757145)] [ ( 0.95558780334688 0.25410859465099 0.043614497989203 0.31669414874259 -0.81303363788342 -0.56440787062874) ( -0.24736060668826 -0.89198305384738 -0.67005747400056 0.4762617923267 0.42465948590611 -0.95877829615297) ( -0.19867986530593 0.05990520379843 -0.87962828041564 0.86797674817566 -0.8326742734917 0.72824450079781)] [ ( 0.71146514835607 0.35781696135702 -0.73762736107457)]}
1663162787, 37, player, created, 16, 4, { [ ( -0.60060994617062) ( -0.25440738983121) ( -0.89689971241553) ( -0.5223267382981) ( 0.038813640755491) ( -0.13049036216477)] [ ( 0.015770174955857 -0.57877750144189 0.21296506049284 -0.56270800815815 -0.14234685208919 -0.89539536995675) ( 0.37346031305957 -0.8589354625172 -0.36582684154077 -0.090798809687789 -0.16022771345495 -0.27676330177618) ( -0.43909868300664 -0.084453206582658 -0.71635453193475 -0.31347952437169 -0.26126170232601 -0.48837489438694)] [ ( -0.11962878249147 -0.40708596860065 -0.73835075702968)]}
1663162788, 37, player, destroyed, 27, 6, { [ ( -0.60060994617062) ( -0.25440738983121) ( -0.89689971241553) ( -0.5223267382981) ( 0.038813640755491) ( -0.13049036216477)] [ ( 0.015770174955857 -0.57877750144189 0.21296506049284 -0.56270800815815 -0.14234685208919 -0.89539536995675) ( 0.37346031305957 -0.8589354625172 -0.36582684154077 -0.090798809687789 -0.16022771345495 -0.27676330177618) ( -0.43909868300664 -0.084453206582658 -0.71635453193475 -0.31347952437169 -0.26126170232601 -0.48837489438694)] [ ( -0.11962878249147 -0.40708596860065 -0.73835075702968)]}
1663162788, 38, player, created, 27, 6, { [ ( 0.52864214076802) ( -0.5971758625227) ( -0.37637606738267) ( -0.78295904638358) ( -0.36823371097975) ( -0.64632067354579)] [ ( 0.16129133348548 0.80435257837245 0.73218983561813 -0.51646410808176 0.033410332806964 0.03162079757226) ( 0.0026445838999105 -0.56022842273303 0.044200880475857 -0.79041579288227 -0.041667751792805 0.68180300986471) ( 0.88522826151125 0.86809589991263 -0.46326286071667 -0.39489379009728 -0.94892649007929 -0.032218130962238)] [ ( -0.24138114447094 0.58873300778431 0.61561414666126)]}
1663162789, 38, player, destroyed, 27, 10, { [ ( 0.52864214076802) ( -0.5971758625227) ( -0.37637606738267) ( -0.78295904638358) ( -0.36823371097975) ( -0.64632067354579)] [ ( 0.16129133348548 0.80435257837245 0.73218983561813 -0.51646410808176 0.033410332806964 0.03162079757226) ( 0.0026445838999105 -0.56022842273303 0.044200880475857 -0.79041579288227 -0.041667751792805 0.68180300986471) ( 0.88522826151125 0.86809589991263 -0.46326286071667 -0.39489379009728 -0.94892649007929 -0.032218130962238)] [ ( -0.24138114447094 0.58873300778431 0.61561414666126)]}
1663162789, 39, player, created, 27, 10, { [ ( 0.68872816790695) ( 0.066213927614578) ( -0.4283668653967) ( 0.39306686971972) ( -0.19940198911718) ( 0.47772931052033)] [ ( 0.30354112282735 -0.070554672027369 -0.31977256919381 0.74944289473288 0.33967467648827 0.81318182883407) ( 0.94531299683299 -0.69640527762064 -0.21714674347859 -0.97656264826741 0.44292792100749 -0.14526152659601) ( -0.49295537308511 0.092905801342868 -0.80894564712521 0.31775402192195 0.92163775353009 -0.44903621225167)] [ ( 0.98283256526003 0.3038061521581 -0.1053700401477)]}
1663162790, 39, player, destroyed, 10, 13, { [ ( 0.68872816790695) ( 0.066213927614578) ( -0.4283668653967) ( 0.39306686971972) ( -0.19940198911718) ( 0.47772931052033)] [ ( 0.30354112282735 -0.070554672027369 -0.31977256919381 0.74944289473288 0.33967467648827 0.81318182883407) ( 0.94531299683299 -0.69640527762064 -0.21714674347859 -0.97656264826741 0.44292792100749 -0.14526152659601) ( -0.49295537308511 0.092905801342868 -0.80894564712521 0.31775402192195 0.92163775353009 -0.44903621225167)] [ ( 0.98283256526003 0.3038061521581 -0.1053700401477)]}
1663162790, 40, player, created, 10, 13, { [ ( -0.66508283380894) ( 0.064538207018805) ( 0.56553407758668) ( 0.34252907525887) ( 0.25625248212607) ( -0.25834280942552)] [ ( -0.45103070634341 -0.8033629145877 0.21960277090106 0.33010777783814 -0.64078614704453 -0.8196665828541) ( -0.93287672159553 -0.1573145277686 -0.91177872856181 -0.91769166793265 -0.4679658784329 0.27881680830364) ( -0.16171452298197 0.58376041975515 0.5392892947242 0.44494119128275 -0.32941102479476 -0.83140692371612)] [ ( 0.10553430662997 -0.25735086866798 0.68437967777067)]}
1663162792, 40, player, destroyed, 16, 4, { [ ( -0.66508283380894) ( 0.064538207018805) ( 0.56553407758668) ( 0.34252907525887) ( 0.25625248212607) ( -0.25834280942552)] [ ( -0.45103070634341 -0.8033629145877 0.21960277090106 0.33010777783814 -0.64078614704453 -0.8196665828541) ( -0.93287672159553 -0.1573145277686 -0.91177872856181 -0.91769166793265 -0.4679658784329 0.27881680830364) ( -0.16171452298197 0.58376041975515 0.5392892947242 0.44494119128275 -0.32941102479476 -0.83140692371612)] [ ( 0.10553430662997 -0.25735086866798 0.68437967777067)]}
1663162792, 41, player, created, 16, 4, { [ ( 0.18820989111527) ( -0.76678989200092) ( 0.71701806412746) ( -0.9646547898848) ( 0.79861799955679) ( -0.2983572832538)] [ ( 0.97579217537153 -0.29125125505286 0.76190447706264 0.6261712135654 0.43312820177017 0.92806304101737) ( 0.091160317960192 0.035042312384276 -0.68278360904097 0.56952558077327 -0.88862651236129 0.75369082584746) ( -0.92787642348251 0.016307446501385 0.24509441515811 0.15391064746142 0.64035537264337 0.79106554682611)] [ ( -0.25650914110567 -0.52795955096349 0.1796059645318)]}
1663162793, 41, player, destroyed, 8, 2, { [ ( 0.18820989111527) ( -0.76678989200092) ( 0.71701806412746) ( -0.9646547898848) ( 0.79861799955679) ( -0.2983572832538)] [ ( 0.97579217537153 -0.29125125505286 0.76190447706264 0.6261712135654 0.43312820177017 0.92806304101737) ( 0.091160317960192 0.035042312384276 -0.68278360904097 0.56952558077327 -0.88862651236129 0.75369082584746) ( -0.92787642348251 0.016307446501385 0.24509441515811 0.15391064746142 0.64035537264337 0.79106554682611)] [ ( -0.25650914110567 -0.52795955096349 0.1796059645318)]}
1663162793, 42, player, created, 8, 2, { [ ( 0.42168722982909) ( -0.80233519422497) ( -0.74330024677647) ( 0.33205601749538) ( 0.079090452446601) ( -0.012386015338834)] [ ( -0.69438899367847 -0.38622725493586 -0.81269025592508 -0.052654182320009 -0.49813419924577 0.08308648769337) ( -0.65540424553655 0.83858282494532 0.11241014449025 -0.71982453706061 -0.82108897560388 -0.24227661819906) ( -0.64382248231274 0.14819364452693 0.33774645824642 -0.061942126374511 -0.84475353427703 0.73782329224205)] [ ( -0.79835769249365 -0.051076480373434 -0.21442866531304)]}
1663162793, 42, player, destroyed, 7, 6, { [ ( 0.42168722982909) ( -0.80233519422497) ( -0.74330024677647) ( 0.33205601749538) ( 0.079090452446601) ( -0.012386015338834)] [ ( -0.69438899367847 -0.38622725493586 -0.81269025592508 -0.052654182320009 -0.49813419924577 0.08308648769337) ( -0.65540424553655 0.83858282494532 0.11241014449025 -0.71982453706061 -0.82108897560388 -0.24227661819906) ( -0.64382248231274 0.14819364452693 0.33774645824642 -0.061942126374511 -0.84475353427703 0.73782329224205)] [ ( -0.79835769249365 -0.051076480373434 -0.21442866531304)]}
1663162793, 43, player, created, 7, 6, { [ ( -0.27510393852495) ( 0.46637610984053) ( -0.16685548282937) ( 0.64800441062388) ( 0.26600968614538) ( 0.95374471359921)] [ ( 0.65788215039943 -0.8882498644562 0.51962092430133 -0.71249969817978 -0.19894681294856 -0.25792516692551) ( -0.66082516405164 0.69200925840005 0.3159399281667 -0.68279545284946 -0.29409086779473 -0.32327382609467) ( -0.98554812039857 -0.038693495909599 -0.051498191143691 0.30765975835103 0.7276103725387 -0.17952633974658)] [ ( -0.3438422934027 0.84161956857843 -0.44895182028731)]}
1663162794, 43, player, destroyed, 16, 4, { [ ( -0.27510393852495) ( 0.46637610984053) ( -0.16685548282937) ( 0.64800441062388) ( 0.26600968614538) ( 0.95374471359921)] [ ( 0.65788215039943 -0.8882498644562 0.51962092430133 -0.71249969817978 -0.19894681294856 -0.25792516692551) ( -0.66082516405164 0.69200925840005 0.3159399281667 -0.68279545284946 -0.29409086779473 -0.32327382609467) ( -0.98554812039857 -0.038693495909599 -0.051498191143691 0.30765975835103 0.7276103725387 -0.17952633974658)] [ ( -0.3438422934027 0.84161956857843 -0.44895182028731)]}
1663162794, 44, player, created, 16, 4, { [ ( -0.22216527906165) ( -0.45166552810011) ( -0.98434018270337) ( 0.37054824377562) ( 0.42897840486136) ( -0.31688897712913)] [ ( -0.92522284708342 0.043398443423476 0.92228107669414 0.99908185258248 -0.30022681881048 0.11404897190465) ( -0.17456394669738 -0.84481012291208 -0.62159349039704 -0.18166195499003 0.95643327697149 0.96190357274154) ( 0.41354093618379 0.55020412311364 -0.44057754502551 -0.3339149386342 0.410367896656 0.42938581807746)] [ ( -0.3604746320179 -0.98594998609276 0.16356339254445)]}
1663162794, 44, player, destroyed, 7, 3, { [ ( -0.22216527906165) ( -0.45166552810011) ( -0.98434018270337) ( 0.37054824377562) ( 0.42897840486136) ( -0.31688897712913)] [ ( -0.92522284708342 0.043398443423476 0.92228107669414 0.99908185258248 -0.30022681881048 0.11404897190465) ( -0.17456394669738 -0.84481012291208 -0.62159349039704 -0.18166195499003 0.95643327697149 0.96190357274154) ( 0.41354093618379 0.55020412311364 -0.44057754502551 -0.3339149386342 0.410367896656 0.42938581807746)] [ ( -0.3604746320179 -0.98594998609276 0.16356339254445)]}
1663162794, 45, player, created, 7, 3, { [ ( 0.66806340628218) ( 0.55503263054082) ( 0.72378926921863) ( 0.15238141675471) ( -0.11365679882732) ( -0.32448084233401)] [ ( 0.68974800881847 -0.54336199069674 -0.34798907779104 0.047846059668445 -0.54045834460108 0.53688265621573) ( 0.051020987433261 0.63573304682336 0.8245833978794 -0.59344355739045 -0.55040694935974 0.012058546287196) ( 0.74521934007592 -0.40041034366132 0.44906638355929 0.14383479582354 -0.5373934505013 0.1450841474806)] [ ( 0.44180522006016 0.34781400308529 -0.42603563802776)]}
1663162794, 45, player, destroyed, 10, 7, { [ ( 0.66806340628218) ( 0.55503263054082) ( 0.72378926921863) ( 0.15238141675471) ( -0.11365679882732) ( -0.32448084233401)] [ ( 0.68974800881847 -0.54336199069674 -0.34798907779104 0.047846059668445 -0.54045834460108 0.53688265621573) ( 0.051020987433261 0.63573304682336 0.8245833978794 -0.59344355739045 -0.55040694935974 0.012058546287196) ( 0.74521934007592 -0.40041034366132 0.44906638355929 0.14383479582354 -0.5373934505013 0.1450841474806)] [ ( 0.44180522006016 0.34781400308529 -0.42603563802776)]}
1663162794, 46, player, created, 10, 7, { [ ( 0.53024982465259) ( -0.93311378794318) ( -0.38271332547044) ( -0.68262480229076) ( 0.99779849524891) ( -0.89621247060427)] [ ( 0.91782774515575 0.8195502072316 -0.87857845794431 -0.99030925826224 -0.73266744136557 -0.36426030653622) ( 0.88128552813852 0.83498123293851 0.2887498409691 0.28033788795784 0.85702411152165 -0.78275481921272) ( 0.27458882346595 -0.90168236459058 0.1918550118086 -0.28393203572841 -0.29055103962142 -0.59377759396804)] [ ( 0.78931077900001 0.77026192789311 0.45249147954924)]}
1663162794, 46, player, destroyed, 19, 7, { [ ( 0.53024982465259) ( -0.93311378794318) ( -0.38271332547044) ( -0.68262480229076) ( 0.99779849524891) ( -0.89621247060427)] [ ( 0.91782774515575 0.8195502072316 -0.87857845794431 -0.99030925826224 -0.73266744136557 -0.36426030653622) ( 0.88128552813852 0.83498123293851 0.2887498409691 0.28033788795784 0.85702411152165 -0.78275481921272) ( 0.27458882346595 -0.90168236459058 0.1918550118086 -0.28393203572841 -0.29055103962142 -0.59377759396804)] [ ( 0.78931077900001 0.77026192789311 0.45249147954924)]}
1663162794, 47, player, created, 19, 7, { [ ( 0.76148575020291) ( 0.77644277277775) ( 0.41836266502036) ( -0.43226887893403) ( -0.17111333265311) ( -0.25960686377783)] [ ( 0.24721443274102 -0.0054427544973326 0.70245732297506 -0.40285037016436 -0.90758507851533 -0.75130693598832) ( 0.8969031347136 0.35488158239865 0.29093356964388 0.71263304777327 0.44623581051147 0.09649920751352) ( -0.86527765509144 -0.38359657292701 0.14448141386951 -0.38955671763205 -0.30415034811931 0.51498360451005)] [ ( -0.5435748737641 -0.064646701856767 -0.91258379538857)]}
1663162795, 47, player, destroyed, 22, 6, { [ ( 0.76148575020291) ( 0.77644277277775) ( 0.41836266502036) ( -0.43226887893403) ( -0.17111333265311) ( -0.25960686377783)] [ ( 0.24721443274102 -0.0054427544973326 0.70245732297506 -0.40285037016436 -0.90758507851533 -0.75130693598832) ( 0.8969031347136 0.35488158239865 0.29093356964388 0.71263304777327 0.44623581051147 0.09649920751352) ( -0.86527765509144 -0.38359657292701 0.14448141386951 -0.38955671763205 -0.30415034811931 0.51498360451005)] [ ( -0.5435748737641 -0.064646701856767 -0.91258379538857)]}
1663162795, 48, player, created, 22, 6, { [ ( -0.49114351074586) ( -0.58306689214683) ( -0.37643639166436) ( 0.17646497736713) ( 0.54788601950197) ( -0.94611471425854)] [ ( -0.61917280197671 -0.90160529769275 0.10319760301868 -0.62931345307984 0.13654214637976 -0.1064532073741) ( 0.6666731950583 -0.54089647131727 0.17960090818197 0.53430606415747 -0.38758773982135 0.79095398357437) ( 0.88553209836813 -0.92237309826915 -0.89749220070678 0.047538667307169 -0.21153330093262 0.37654962006885)] [ ( 0.46085829853564 0.2403792868025 0.73759989766455)]}
1663162795, 48, player, destroyed, 7, 6, { [ ( -0.49114351074586) ( -0.58306689214683) ( -0.37643639166436) ( 0.17646497736713) ( 0.54788601950197) ( -0.94611471425854)] [ ( -0.61917280197671 -0.90160529769275 0.10319760301868 -0.62931345307984 0.13654214637976 -0.1064532073741) ( 0.6666731950583 -0.54089647131727 0.17960090818197 0.53430606415747 -0.38758773982135 0.79095398357437) ( 0.88553209836813 -0.92237309826915 -0.89749220070678 0.047538667307169 -0.21153330093262 0.37654962006885)] [ ( 0.46085829853564 0.2403792868025 0.73759989766455)]}
1663162795, 49, player, created, 7, 6, { [ ( -0.61661712455728) ( -0.78429512345051) ( -0.80237085737342) ( -0.99181262826992) ( 0.29517650708585) ( 0.058442153436778)] [ ( -0.30221736429605 -0.34319024773167 0.38844425681948 0.16185357886976 -0.26327540918782 -0.78293715835477) ( 0.17462071999719 0.57320413322805 -0.25629902861933 0.30335594678137 -0.6838185250627 0.82905175645376) ( 0.5428960927523 0.74971904621454 -0.15716474873363 0.41036996609831 -0.76166477158658 -0.29609786389706)] [ ( -0.12212504549195 0.041610799606509 -0.40953022854215)]}
1663162797, 49, player, destroyed, 7, 4, { [ ( -0.61661712455728) ( -0.78429512345051) ( -0.80237085737342) ( -0.99181262826992) ( 0.29517650708585) ( 0.058442153436778)] [ ( -0.30221736429605 -0.34319024773167 0.38844425681948 0.16185357886976 -0.26327540918782 -0.78293715835477) ( 0.17462071999719 0.57320413322805 -0.25629902861933 0.30335594678137 -0.6838185250627 0.82905175645376) ( 0.5428960927523 0.74971904621454 -0.15716474873363 0.41036996609831 -0.76166477158658 -0.29609786389706)] [ ( -0.12212504549195 0.041610799606509 -0.40953022854215)]}
1663162797, 50, player, created, 7, 4, { [ ( -0.25608228236039) ( 0.79353507144146) ( -0.6816422662537) ( -0.64238296670796) ( 0.52365878073645) ( -0.43363245615741)] [ ( -0.57069770631903 -0.26052549890477 -0.33053020191813 0.63203789357609 -0.13502309947382 -0.96875228152402) ( 0.58882374127447 -0.95909521831865 -0.3585756656104 0.72110733008154 0.010112632083221 -0.20693383414321) ( -0.4428802305299 0.44228261842394 0.92356208519389 0.13182591534211 -0.86263094224798 0.35284801253288)] [ ( -0.80493287681204 -0.07764441172625 0.9958559429063)]}
1663162799, 50, player, destroyed, 10, 7, { [ ( -0.25608228236039) ( 0.79353507144146) ( -0.6816422662537) ( -0.64238296670796) ( 0.52365878073645) ( -0.43363245615741)] [ ( -0.57069770631903 -0.26052549890477 -0.33053020191813 0.63203789357609 -0.13502309947382 -0.96875228152402) ( 0.58882374127447 -0.95909521831865 -0.3585756656104 0.72110733008154 0.010112632083221 -0.20693383414321) ( -0.4428802305299 0.44228261842394 0.92356208519389 0.13182591534211 -0.86263094224798 0.35284801253288)] [ ( -0.80493287681204 -0.07764441172625 0.9958559429063)]}
1663162799, 51, player, created, 10, 7, { [ ( 0.23625368113896) ( 0.79649432008107) ( -0.43495897117573) ( 0.85191213835334) ( -0.364368338559) ( -0.19910461404665)] [ ( 0.43169674317887 0.97103927542185 -0.48228016257608 0.72567723286735 -0.86475233906393 -0.065213172920928) ( -0.19762655283339 0.80376074499532 -0.99302187927189 -0.24290254587985 0.73886193201004 0.88767262408816) ( -0.74039087026651 -0.30020719774038 -0.98448794956974 -0.2374861450336 -0.30645278351221 0.37071733106354)] [ ( 0.0019750483550083 0.62874847839396 0.81953436499602)]}
1663162801, 51, player, destroyed, 27, 4, { [ ( 0.23625368113896) ( 0.79649432008107) ( -0.43495897117573) ( 0.85191213835334) ( -0.364368338559) ( -0.19910461404665)] [ ( 0.43169674317887 0.97103927542185 -0.48228016257608 0.72567723286735 -0.86475233906393 -0.065213172920928) ( -0.19762655283339 0.80376074499532 -0.99302187927189 -0.24290254587985 0.73886193201004 0.88767262408816) ( -0.74039087026651 -0.30020719774038 -0.98448794956974 -0.2374861450336 -0.30645278351221 0.37071733106354)] [ ( 0.0019750483550083 0.62874847839396 0.81953436499602)]}
1663162801, 52, player, created, 27, 4, { [ ( -0.028650948413634) ( 0.27265357975476) ( -0.34311775766676) ( 0.760044559003) ( -0.54337076369915) ( -0.51151601344543)] [ ( 0.046153736466104 0.0091225750344428 0.58509667048696 0.10257453778442 0.99133869314955 0.28849579835079) ( 0.54176756809355 -0.010183283283898 0.1616201628943 -0.17116334104994 0.54413182808469 0.90931717345188) ( -0.42869212584435 -0.22186106769416 -0.010704294356503 -0.57249220424506 0.72851277225471 -0.26229934325288)] [ ( -0.56750596939864 -0.19569130194718 -0.48402448232305)]}
1663162801, 52, player, destroyed, 27, 4, { [ ( -0.028650948413634) ( 0.27265357975476) ( -0.34311775766676) ( 0.760044559003) ( -0.54337076369915) ( -0.51151601344543)] [ ( 0.046153736466104 0.0091225750344428 0.58509667048696 0.10257453778442 0.99133869314955 0.28849579835079) ( 0.54176756809355 -0.010183283283898 0.1616201628943 -0.17116334104994 0.54413182808469 0.90931717345188) ( -0.42869212584435 -0.22186106769416 -0.010704294356503 -0.57249220424506 0.72851277225471 -0.26229934325288)] [ ( -0.56750596939864 -0.19569130194718 -0.48402448232305)]}
1663162801, 53, player, created, 27, 4, { [ ( -0.82873576167854) ( -0.36664436930171) ( 0.46675239189488) ( 0.35969786845293) ( 0.21371991962044) ( 0.84538368045757)] [ ( 0.2935594571444 -0.049525034934465 -0.84569130176997 -0.088179645864666 0.23396594660262 0.37870290078416) ( -0.49110842223968 0.22961694107699 0.60194476628696 0.46090461420137 -0.12680764594386 -0.95330866980213) ( -0.40936738075931 0.55864821469091 0.48130402383583 -0.415290024071 0.19693799002391 0.33771578480323)] [ ( -0.14939667163026 0.39924486603635 -0.93985832823925)]}
1663162802, 53, player, destroyed, 27, 9, { [ ( -0.82873576167854) ( -0.36664436930171) ( 0.46675239189488) ( 0.35969786845293) ( 0.21371991962044) ( 0.84538368045757)] [ ( 0.2935594571444 -0.049525034934465 -0.84569130176997 -0.088179645864666 0.23396594660262 0.37870290078416) ( -0.49110842223968 0.22961694107699 0.60194476628696 0.46090461420137 -0.12680764594386 -0.95330866980213) ( -0.40936738075931 0.55864821469091 0.48130402383583 -0.415290024071 0.19693799002391 0.33771578480323)] [ ( -0.14939667163026 0.39924486603635 -0.93985832823925)]}
1663162802, 54, player, created, 27, 9, { [ ( 0.27841057626918) ( -0.059177271860279) ( -0.77448322571697) ( 0.71896854321519) ( 0.78434497250515) ( -0.74892698380347)] [ ( -0.58858791779065 0.79445290432284 -0.70374470113035 0.85482503152918 -0.30546700291836 0.95256292022632) ( 0.61026474473357 0.74053543930463 -0.58674808975251 -0.73339444260514 -0.015047154980064 -0.71443840509616) ( 0.23132016317603 -0.13535259651592 -0.60659559758302 -0.70999045459346 0.29429726763395 -0.46817630209375)] [ ( -0.93789861767886 -0.76325415396448 -0.81962458528093)]}
1663162803, 54, player, destroyed, 2, 6, { [ ( 0.27841057626918) ( -0.059177271860279) ( -0.77448322571697) ( 0.71896854321519) ( 0.78434497250515) ( -0.74892698380347)] [ ( -0.58858791779065 0.79445290432284 -0.70374470113035 0.85482503152918 -0.30546700291836 0.95256292022632) ( 0.61026474473357 0.74053543930463 -0.58674808975251 -0.73339444260514 -0.015047154980064 -0.71443840509616) ( 0.23132016317603 -0.13535259651592 -0.60659559758302 -0.70999045459346 0.29429726763395 -0.46817630209375)] [ ( -0.93789861767886 -0.76325415396448 -0.81962458528093)]}
1663162803, 55, player, created, 2, 6, { [ ( 0.7297237044243) ( 0.49735312678011) ( -0.27623393468099) ( -0.1040967589688) ( -0.5812854137477) ( 0.38723803545419)] [ ( 0.073953019095432 -0.0687089964482 0.71386120624926 -0.02923918046537 -0.48774099852996 -0.019373185161538) ( 0.87498628390597 0.14569119973971 -0.87201176164413 -0.25422888376411 0.91653482190812 0.77941902971647) ( 0.042610310388811 -0.58466773827063 0.61350752044865 0.53462875030867 -0.24290425800278 0.97070485092845)] [ ( 0.78821770587887 0.46835214542348 0.54405728587635)]}
1663162805, 55, player, destroyed, 19, 12, { [ ( 0.7297237044243) ( 0.49735312678011) ( -0.27623393468099) ( -0.1040967589688) ( -0.5812854137477) ( 0.38723803545419)] [ ( 0.073953019095432 -0.0687089964482 0.71386120624926 -0.02923918046537 -0.48774099852996 -0.019373185161538) ( 0.87498628390597 0.14569119973971 -0.87201176164413 -0.25422888376411 0.91653482190812 0.77941902971647) ( 0.042610310388811 -0.58466773827063 0.61350752044865 0.53462875030867 -0.24290425800278 0.97070485092845)] [ ( 0.78821770587887 0.46835214542348 0.54405728587635)]}
1663162805, 56, player, created, 19, 12, { [ ( -0.92335129825849) ( 0.062492451923776) ( -0.63363660583102) ( -0.33344368915502) ( 0.043329194664213) ( -0.79017178385336)] [ ( -0.71034921782197 0.7722452811771 -0.84321950427669 0.40125367391112 0.81114521007673 -0.047329571600101) ( 0.10894866632123 -0.72389277729046 0.68279900590595 0.49979713223363 0.75632121254529 0.49247392850566) ( -0.80979580492637 0.85912123091063 0.5136895973847 -0.95396561630399 -0.087862298199994 -0.44667061194918)] [ ( -0.28327781169297 -0.5379466095535 0.58745491925545)]}
1663162805, 56, player, destroyed, 13, 10, { [ ( -0.92335129825849) ( 0.062492451923776) ( -0.63363660583102) ( -0.33344368915502) ( 0.043329194664213) ( -0.79017178385336)] [ ( -0.71034921782197 0.7722452811771 -0.84321950427669 0.40125367391112 0.81114521007673 -0.047329571600101) ( 0.10894866632123 -0.72389277729046 0.68279900590595 0.49979713223363 0.75632121254529 0.49247392850566) ( -0.80979580492637 0.85912123091063 0.5136895973847 -0.95396561630399 -0.087862298199994 -0.44667061194918)] [ ( -0.28327781169297 -0.5379466095535 0.58745491925545)]}
1663162805, 57, player, created, 13, 10, { [ ( -0.40390682421581) ( -0.91321358845774) ( -0.79208759738309) ( -0.12827668440592) ( 0.85299676846949) ( 0.46491352597471)] [ ( -0.93778993097844 -0.052344266776021 0.15571944412 0.44731011197507 -0.0056369160818881 0.0085979206701112) ( 0.73438192774111 0.55013024782001 0.5805598924154 -0.085830580729521 0.62314025710608 -0.59086229453367) ( -0.058551177605779 -0.4929043069762 -0.22710128276329 -0.7565482420157 0.51610271902689 -0.5876067439621)] [ ( 0.99049720529418 -0.1421225986893 0.27335134015024)]}
1663162805, 57, player, destroyed, 16, 11, { [ ( -0.40390682421581) ( -0.91321358845774) ( -0.79208759738309) ( -0.12827668440592) ( 0.85299676846949) ( 0.46491352597471)] [ ( -0.93778993097844 -0.052344266776021 0.15571944412 0.44731011197507 -0.0056369160818881 0.0085979206701112) ( 0.73438192774111 0.55013024782001 0.5805598924154 -0.085830580729521 0.62314025710608 -0.59086229453367) ( -0.058551177605779 -0.4929043069762 -0.22710128276329 -0.7565482420157 0.51610271902689 -0.5876067439621)] [ ( 0.99049720529418 -0.1421225986893 0.27335134015024)]}
1663162805, 58, player, created, 16, 11, { [ ( 0.37900779445461) ( -0.11824159184471) ( 0.62642239897974) ( -0.61682611171396) ( 0.11331552860882) ( -0.25761930227849)] [ ( -0.65289139073162 0.92499852783854 -0.45815468413323 0.87396626042904 0.91191426554479 0.75151205334525) ( -0.50403815110102 0.070960445446654 0.79228129675553 -0.68893320903582 -0.16810758287659 -0.29984155766887) ( -0.17189794364974 -0.89417654395877 0.56321352196404 -0.21360861590242 -0.71208051171114 -0.88096601287796)] [ ( 0.48841481647681 0.78534229250988 0.060356929996968)]}
1663162809, 58, player, destroyed, 27, 11, { [ ( 0.37900779445461) ( -0.11824159184471) ( 0.62642239897974) ( -0.61682611171396) ( 0.11331552860882) ( -0.25761930227849)] [ ( -0.65289139073162 0.92499852783854 -0.45815468413323 0.87396626042904 0.91191426554479 0.75151205334525) ( -0.50403815110102 0.070960445446654 0.79228129675553 -0.68893320903582 -0.16810758287659 -0.29984155766887) ( -0.17189794364974 -0.89417654395877 0.56321352196404 -0.21360861590242 -0.71208051171114 -0.88096601287796)] [ ( 0.48841481647681 0.78534229250988 0.060356929996968)]}
1663162809, 59, player, created, 27, 11, { [ ( 0.29995478893513) ( 0.56408347131829) ( -0.41791858688657) ( -0.18236752576187) ( -0.038239691623775) ( -0.066899147331604)] [ ( -0.59560296752592 -0.12123863924896 0.83784861055614 -0.54390647649362 -0.65412353637406 0.48725153651786) ( -0.16497447679265 0.023832252674179 0.5043369480159 -0.15696147107923 0.92715837902491 -0.44574745323974) ( -0.3145506140932 0.075853097415777 -0.70691107479113 0.1024574474979 -0.22139553700578 -0.049928004276657)] [ ( 0.88228434746614 -0.2599701787039 0.36795497998506)]}
1663162810, 59, player, destroyed, 7, 5, { [ ( 0.29995478893513) ( 0.56408347131829) ( -0.41791858688657) ( -0.18236752576187) ( -0.038239691623775) ( -0.066899147331604)] [ ( -0.59560296752592 -0.12123863924896 0.83784861055614 -0.54390647649362 -0.65412353637406 0.48725153651786) ( -0.16497447679265 0.023832252674179 0.5043369480159 -0.15696147107923 0.92715837902491 -0.44574745323974) ( -0.3145506140932 0.075853097415777 -0.70691107479113 0.1024574474979 -0.22139553700578 -0.049928004276657)] [ ( 0.88228434746614 -0.2599701787039 0.36795497998506)]}
1663162810, 60, player, created, 7, 5, { [ ( 0.037768227847113) ( -0.73756297563389) ( -0.78126604831231) ( -0.83362010233778) ( 0.55028554338518) ( 0.68215641580483)] [ ( 0.741025950371 -0.87145631366882 0.31805797008905 0.98537463580785 0.96277763042381 0.2576191737813) ( -0.49078858029871 0.95277866140309 0.8916628896926 0.10471085828904 0.4781625616683 -0.25558446774365) ( 0.23910205326105 0.73813503708205 -0.857534367449 0.71930812471542 0.14233458468897 -0.10982616239075)] [ ( 0.26610909314701 0.38656862941653 0.79473536433392)]}
1663162810, 60, player, destroyed, 7, 10, { [ ( 0.037768227847113) ( -0.73756297563389) ( -0.78126604831231) ( -0.83362010233778) ( 0.55028554338518) ( 0.68215641580483)] [ ( 0.741025950371 -0.87145631366882 0.31805797008905 0.98537463580785 0.96277763042381 0.2576191737813) ( -0.49078858029871 0.95277866140309 0.8916628896926 0.10471085828904 0.4781625616683 -0.25558446774365) ( 0.23910205326105 0.73813503708205 -0.857534367449 0.71930812471542 0.14233458468897 -0.10982616239075)] [ ( 0.26610909314701 0.38656862941653 0.79473536433392)]}
1663162810, 61, player, created, 7, 10, { [ ( -0.47155223697181) ( -0.92624801888285) ( -0.099174382797728) ( 0.84839525701972) ( 0.23418796793638) ( -0.72200496715429)] [ ( -0.031826304998641 -0.4010952070247 -0.5096497232365 0.42641274438042 -0.18630511683952 -0.0050717915468117) ( 0.1441580477346 -0.080749612524393 0.38455831151674 -0.64392101316078 0.66219199166968 -0.050261656554237) ( -0.11332617152987 0.32689303380915 0.91556748560386 0.12042703459908 0.52125940754135 -0.56412625535435)] [ ( -0.14441298155163 -0.64059927176011 -0.16841979676933)]}
1663162810, 61, player, destroyed, 7, 10, { [ ( -0.47155223697181) ( -0.92624801888285) ( -0.099174382797728) ( 0.84839525701972) ( 0.23418796793638) ( -0.72200496715429)] [ ( -0.031826304998641 -0.4010952070247 -0.5096497232365 0.42641274438042 -0.18630511683952 -0.0050717915468117) ( 0.1441580477346 -0.080749612524393 0.38455831151674 -0.64392101316078 0.66219199166968 -0.050261656554237) ( -0.11332617152987 0.32689303380915 0.91556748560386 0.12042703459908 0.52125940754135 -0.56412625535435)] [ ( -0.14441298155163 -0.64059927176011 -0.16841979676933)]}
1663162810, 62, player, created, 7, 10, { [ ( -0.15299692100731) ( 0.37770104330483) ( -0.046108066289499) ( 0.96959908476825) ( -0.58332834611781) ( -0.52765979065449)] [ ( -0.88168721500278 -0.8033985965201 -0.44823623907554 -0.21041061666596 0.49743364778506 0.93048743742934) ( -0.9127806881466 -0.726854983702 -0.69624334123376 0.97317836333284 0.12171281816138 -0.51464102243473) ( -0.87626072628195 0.80261709669611 -0.31207304774976 -0.75178800415992 0.72697051577431 -0.55203347176401)] [ ( -0.93471571191082 -0.061364933122716 -0.062693502135108)]}
1663162812, 62, player, destroyed, 2, 12, { [ ( -0.15299692100731) ( 0.37770104330483) ( -0.046108066289499) ( 0.96959908476825) ( -0.58332834611781) ( -0.52765979065449)] [ ( -0.88168721500278 -0.8033985965201 -0.44823623907554 -0.21041061666596 0.49743364778506 0.93048743742934) ( -0.9127806881466 -0.726854983702 -0.69624334123376 0.97317836333284 0.12171281816138 -0.51464102243473) ( -0.87626072628195 0.80261709669611 -0.31207304774976 -0.75178800415992 0.72697051577431 -0.55203347176401)] [ ( -0.93471571191082 -0.061364933122716 -0.062693502135108)]}
1663162812, 63, player, created, 2, 12, { [ ( 0.79244221992976) ( -0.78593731826436) ( 0.65433865873538) ( -0.63009387179705) ( 0.22971458098218) ( -0.13936107082898)] [ ( -0.58499490716995 0.48169285291083 0.65900872917524 0.36583779842569 -0.11921971781791 -0.70566656770953) ( -0.98638828199713 0.5980789325983 0.59993606523052 0.50924060932927 0.25253769381083 -0.91245456027102) ( 0.57889215157975 0.80130197570028 -0.97086046971366 -0.31330945305638 0.1938405497361 -0.29043969331983)] [ ( -0.30037476808751 0.15245446937477 -0.53846309209108)]}
1663162812, 63, player, destroyed, 2, 12, { [ ( 0.79244221992976) ( -0.78593731826436) ( 0.65433865873538) ( -0.63009387179705) ( 0.22971458098218) ( -0.13936107082898)] [ ( -0.58499490716995 0.48169285291083 0.65900872917524 0.36583779842569 -0.11921971781791 -0.70566656770953) ( -0.98638828199713 0.5980789325983 0.59993606523052 0.50924060932927 0.25253769381083 -0.91245456027102) ( 0.57889215157975 0.80130197570028 -0.97086046971366 -0.31330945305638 0.1938405497361 -0.29043969331983)] [ ( -0.30037476808751 0.15245446937477 -0.53846309209108)]}
1663162812, 64, player, created, 2, 12, { [ ( 0.67536329786556) ( -0.27412396672434) ( -0.096681548502603) ( -0.61683942516385) ( 0.12630118725372) ( 0.96855711231636)] [ ( -0.5295682145125 -0.32600590603453 -0.60633104267968 0.98407643423334 0.77184623854626 -0.83147880523893) ( -0.092343368867764 0.56713793592561 0.80092501294916 -0.42373819959616 0.86690954251617 0.21891332893111) ( -0.34344593661564 -0.10129385452442 0.51725139750489 0.9755387929752 0.3141227609568 -0.9827945134273)] [ ( 0.7222980484161 0.6649844748457 0.97903364199004)]}
1663162812, 64, player, destroyed, 10, 13, { [ ( 0.67536329786556) ( -0.27412396672434) ( -0.096681548502603) ( -0.61683942516385) ( 0.12630118725372) ( 0.96855711231636)] [ ( -0.5295682145125 -0.32600590603453 -0.60633104267968 0.98407643423334 0.77184623854626 -0.83147880523893) ( -0.092343368867764 0.56713793592561 0.80092501294916 -0.42373819959616 0.86690954251617 0.21891332893111) ( -0.34344593661564 -0.10129385452442 0.51725139750489 0.9755387929752 0.3141227609568 -0.9827945134273)] [ ( 0.7222980484161 0.6649844748457 0.97903364199004)]}
1663162812, 65, player, created, 10, 13, { [ ( -0.96367353078284) ( 0.28861588376387) ( 0.55821984171639) ( -0.092324154108216) ( 0.59123840168107) ( 0.89695124544195)] [ ( -0.17571672244576 0.49356166712483 0.39216100240891 -0.82298453542282 -0.83763625127474 0.05839190717388) ( 0.30152158051646 0.25614882239061 -0.068210167860165 0.66715090531869 -0.5257234452067 0.78100572318678) ( -0.48199009139362 -0.40509479853034 -0.94901596947693 -0.056495639925155 0.91316017062694 -0.3903960282545)] [ ( 0.063254007950232 0.40590729245905 0.22967834010593)]}
1663162814, 14, ghost, destroyed, 22, 5, 
1663162814, 66, ghost, created, 22, 5, 
1663162815, 5, ghost, destroyed, 22, 5, 
1663162815, 67, ghost, created, 22, 5, 
1663162815, 68, pill, created, 22, 4, 
1663162816, 65, player, destroyed, 22, 12, { [ ( -0.96367353078284) ( 0.28861588376387) ( 0.55821984171639) ( -0.092324154108216) ( 0.59123840168107) ( 0.89695124544195)] [ ( -0.17571672244576 0.49356166712483 0.39216100240891 -0.82298453542282 -0.83763625127474 0.05839190717388) ( 0.30152158051646 0.25614882239061 -0.068210167860165 0.66715090531869 -0.5257234452067 0.78100572318678) ( -0.48199009139362 -0.40509479853034 -0.94901596947693 -0.056495639925155 0.91316017062694 -0.3903960282545)] [ ( 0.063254007950232 0.40590729245905 0.22967834010593)]}
1663162816, 69, player, created, 22, 12, { [ ( 0.26329611911903) ( 0.51984295017848) ( -0.091522254139565) ( -0.031059562264826) ( -0.64797692128641) ( 0.55514420362062)] [ ( 0.36993486441547 0.96774735625152 -0.96670809236805 0.62999072970645 -0.21086375388911 0.42035905876689) ( 0.55450797629146 0.063655036489394 -0.32422595021259 0.90691739086038 -0.48568371494021 0.85487525205173) ( -0.25295771679333 -0.69732744832656 -0.91101227374351 -0.83100586946013 0.6522616803208 -0.65849759136179)] [ ( -0.074342900673701 0.17868542093188 -0.3138903891705)]}
1663162823, 69, player, destroyed, 16, 6, { [ ( 0.26329611911903) ( 0.51984295017848) ( -0.091522254139565) ( -0.031059562264826) ( -0.64797692128641) ( 0.55514420362062)] [ ( 0.36993486441547 0.96774735625152 -0.96670809236805 0.62999072970645 -0.21086375388911 0.42035905876689) ( 0.55450797629146 0.063655036489394 -0.32422595021259 0.90691739086038 -0.48568371494021 0.85487525205173) ( -0.25295771679333 -0.69732744832656 -0.91101227374351 -0.83100586946013 0.6522616803208 -0.65849759136179)] [ ( -0.074342900673701 0.17868542093188 -0.3138903891705)]}
1663162823, 70, player, created, 16, 6, { [ ( 0.56501453951163) ( -0.027022532994674) ( -0.55206803724428) ( -0.64754325345362) ( 0.31262198481961) ( 0.32056165061775)] [ ( 0.12322856470604 -0.32057887273912 -0.74156620056439 0.60945316441245 0.20928082026611 -0.60528368986548) ( 0.78686624319198 0.83654060753927 0.92808981248865 -0.65883205917532 -0.32829553461398 0.78911677983185) ( 0.47971630038398 -0.62159063352347 -0.46154484420006 0.003895386280014 -0.98517304745309 -0.50502787000051)] [ ( 0.240912105857 0.159697240018 -0.82991481056148)]}
1663162823, 70, player, destroyed, 7, 6, { [ ( 0.56501453951163) ( -0.027022532994674) ( -0.55206803724428) ( -0.64754325345362) ( 0.31262198481961) ( 0.32056165061775)] [ ( 0.12322856470604 -0.32057887273912 -0.74156620056439 0.60945316441245 0.20928082026611 -0.60528368986548) ( 0.78686624319198 0.83654060753927 0.92808981248865 -0.65883205917532 -0.32829553461398 0.78911677983185) ( 0.47971630038398 -0.62159063352347 -0.46154484420006 0.003895386280014 -0.98517304745309 -0.50502787000051)] [ ( 0.240912105857 0.159697240018 -0.82991481056148)]}
1663162823, 71, player, created, 7, 6, { [ ( 0.23172386288858) ( 0.37969311271301) ( -0.086827158395965) ( 0.35355950979991) ( 0.27364453788564) ( -0.96848568558162)] [ ( 0.54720189638298 -0.45709739129277 -0.21909434344964 0.71908580013133 0.16632113615799 -0.45894150861678) ( 0.15532502402987 -0.99186488339982 0.71544533429439 -0.94811046723071 -0.99044237615236 -0.90020826995679) ( -0.12713608827942 -0.20262290773746 -0.85078344124122 -0.31157556922247 -0.47430715924771 0.41661713307826)] [ ( -0.90720290187612 -0.20495017037546 -0.74502761294903)]}
1663162824, 71, player, destroyed, 27, 11, { [ ( 0.23172386288858) ( 0.37969311271301) ( -0.086827158395965) ( 0.35355950979991) ( 0.27364453788564) ( -0.96848568558162)] [ ( 0.54720189638298 -0.45709739129277 -0.21909434344964 0.71908580013133 0.16632113615799 -0.45894150861678) ( 0.15532502402987 -0.99186488339982 0.71544533429439 -0.94811046723071 -0.99044237615236 -0.90020826995679) ( -0.12713608827942 -0.20262290773746 -0.85078344124122 -0.31157556922247 -0.47430715924771 0.41661713307826)] [ ( -0.90720290187612 -0.20495017037546 -0.74502761294903)]}
1663162824, 72, player, created, 27, 11, { [ ( 0.08303968416889) ( 0.024912711589068) ( 0.34305412524643) ( 0.27322386062367) ( 0.95227304331268) ( 0.26667624982002)] [ ( 0.52938945702278 -0.29501570208033 0.35389134918122 -0.3683718790682 0.43397237071317 -0.77794578336248) ( -0.53691107064075 -0.63084002393883 -0.97992232039267 0.39383766472296 -0.1821318941702 -0.12258018423048) ( -0.80325062935639 0.34441316345112 -0.54511933193923 -0.61747613960462 -0.47992253931518 -0.32771117033692)] [ ( -0.17458112179205 0.40181259348243 0.81802856564046)]}
1663162825, 72, player, destroyed, 19, 7, { [ ( 0.08303968416889) ( 0.024912711589068) ( 0.34305412524643) ( 0.27322386062367) ( 0.95227304331268) ( 0.26667624982002)] [ ( 0.52938945702278 -0.29501570208033 0.35389134918122 -0.3683718790682 0.43397237071317 -0.77794578336248) ( -0.53691107064075 -0.63084002393883 -0.97992232039267 0.39383766472296 -0.1821318941702 -0.12258018423048) ( -0.80325062935639 0.34441316345112 -0.54511933193923 -0.61747613960462 -0.47992253931518 -0.32771117033692)] [ ( -0.17458112179205 0.40181259348243 0.81802856564046)]}
1663162825, 73, player, created, 19, 7, { [ ( 0.2290811807993) ( 0.44544165857146) ( 0.90317584078198) ( -0.047268241149865) ( -0.10429754417505) ( 0.62982990154333)] [ ( 0.50951881329019 0.31650060127815 -0.51631260330801 -0.21496614042926 0.13776356369862 -0.75359404010663) ( -0.51427302499555 0.78969805446183 0.35417008606557 -0.23981357072435 -0.36843406345262 0.86083700536921) ( 0.49306654946457 -0.030064370374957 -0.50732672671468 0.50805162335369 -0.25425953411635 0.38016371859901)] [ ( -0.017189722383051 -0.82718354629434 0.11401331211221)]}
1663162825, 73, player, destroyed, 10, 12, { [ ( 0.2290811807993) ( 0.44544165857146) ( 0.90317584078198) ( -0.047268241149865) ( -0.10429754417505) ( 0.62982990154333)] [ ( 0.50951881329019 0.31650060127815 -0.51631260330801 -0.21496614042926 0.13776356369862 -0.75359404010663) ( -0.51427302499555 0.78969805446183 0.35417008606557 -0.23981357072435 -0.36843406345262 0.86083700536921) ( 0.49306654946457 -0.030064370374957 -0.50732672671468 0.50805162335369 -0.25425953411635 0.38016371859901)] [ ( -0.017189722383051 -0.82718354629434 0.11401331211221)]}
1663162825, 74, player, created, 10, 12, { [ ( 0.21363280812645) ( 0.81430815674742) ( 0.78944630129589) ( -0.31527426826692) ( 0.69433644183701) ( -0.9409143331587)] [ ( 0.16684797995499 0.89845954834222 0.064453810674796 -0.10343797668228 0.31878208801405 -0.64930603967193) ( 0.5507256568187 0.10342062110272 -0.97735195708471 0.84086262625495 -0.1817617524485 -0.12178881935667) ( -0.64170853033903 0.15333035462007 -0.38547875161884 0.0078647474772926 0.17893367566618 0.55585812616174)] [ ( 0.42112214640414 0.91025715289621 -0.52042657055989)]}
1663162826, 74, player, destroyed, 19, 7, { [ ( 0.21363280812645) ( 0.81430815674742) ( 0.78944630129589) ( -0.31527426826692) ( 0.69433644183701) ( -0.9409143331587)] [ ( 0.16684797995499 0.89845954834222 0.064453810674796 -0.10343797668228 0.31878208801405 -0.64930603967193) ( 0.5507256568187 0.10342062110272 -0.97735195708471 0.84086262625495 -0.1817617524485 -0.12178881935667) ( -0.64170853033903 0.15333035462007 -0.38547875161884 0.0078647474772926 0.17893367566618 0.55585812616174)] [ ( 0.42112214640414 0.91025715289621 -0.52042657055989)]}
1663162826, 75, player, created, 19, 7, { [ ( 0.51088647904366) ( -0.1851338122378) ( -0.50195107404171) ( 0.76395027777373) ( -0.78926034862514) ( 0.41840715401936)] [ ( 0.065806944783823 -0.89796938507663 -0.36545679153955 0.60041399298673 0.77103789907775 -0.71902972664931) ( 0.4410628379049 -0.31042569768546 0.46457753719841 -0.05712111249124 -0.49553499543651 0.33742436868117) ( 0.3414671996919 0.78153123813933 0.94475166727712 0.3372816331198 -0.35500430725733 -0.013709396902303)] [ ( 0.49465634922457 0.72434933714651 0.36203238746588)]}
1663162827, 75, player, destroyed, 10, 13, { [ ( 0.51088647904366) ( -0.1851338122378) ( -0.50195107404171) ( 0.76395027777373) ( -0.78926034862514) ( 0.41840715401936)] [ ( 0.065806944783823 -0.89796938507663 -0.36545679153955 0.60041399298673 0.77103789907775 -0.71902972664931) ( 0.4410628379049 -0.31042569768546 0.46457753719841 -0.05712111249124 -0.49553499543651 0.33742436868117) ( 0.3414671996919 0.78153123813933 0.94475166727712 0.3372816331198 -0.35500430725733 -0.013709396902303)] [ ( 0.49465634922457 0.72434933714651 0.36203238746588)]}
1663162827, 76, player, created, 10, 13, { [ ( 0.14790273347738) ( 0.59483630579712) ( 0.95476054718665) ( -0.11144468579326) ( 0.17620462300638) ( 0.055373067593487)] [ ( -0.20783183998729 -0.24580818166133 0.7067144263869 0.94464066159982 0.68057185605681 -0.05229503649617) ( -0.78845352596369 -0.33349396771115 -0.82991464161799 -0.95950589355361 0.1451687823359 0.747308736075) ( 0.59794680615618 0.50898346648105 0.92937357694531 -0.0096266793911823 -0.47594044512765 -0.7613342467906)] [ ( -0.15957905011164 0.96779452145165 -0.34638747152333)]}
1663162831, 76, player, destroyed, 27, 9, { [ ( 0.14790273347738) ( 0.59483630579712) ( 0.95476054718665) ( -0.11144468579326) ( 0.17620462300638) ( 0.055373067593487)] [ ( -0.20783183998729 -0.24580818166133 0.7067144263869 0.94464066159982 0.68057185605681 -0.05229503649617) ( -0.78845352596369 -0.33349396771115 -0.82991464161799 -0.95950589355361 0.1451687823359 0.747308736075) ( 0.59794680615618 0.50898346648105 0.92937357694531 -0.0096266793911823 -0.47594044512765 -0.7613342467906)] [ ( -0.15957905011164 0.96779452145165 -0.34638747152333)]}
1663162831, 77, player, created, 27, 9, { [ ( 0.2008639347746) ( -0.66344504065044) ( -0.31638834087537) ( -0.12853640456482) ( 0.50604023976519) ( -0.0029748620623036)] [ ( -0.055274871105534 0.035688196579217 0.67336385859358 -0.6416032578335 0.55568753013188 0.77456415183705) ( 0.35622549534801 0.48502263089512 -0.85742043271664 -0.83416205031941 -0.72970598001077 0.46154312111511) ( -0.60948814193241 0.98834469401721 -0.035769077604181 0.35554764806385 0.91413345252955 0.51189988135499)] [ ( -0.7128632283096 -0.14581785961714 0.82282302143219)]}
1663162832, 77, player, destroyed, 2, 9, { [ ( 0.2008639347746) ( -0.66344504065044) ( -0.31638834087537) ( -0.12853640456482) ( 0.50604023976519) ( -0.0029748620623036)] [ ( -0.055274871105534 0.035688196579217 0.67336385859358 -0.6416032578335 0.55568753013188 0.77456415183705) ( 0.35622549534801 0.48502263089512 -0.85742043271664 -0.83416205031941 -0.72970598001077 0.46154312111511) ( -0.60948814193241 0.98834469401721 -0.035769077604181 0.35554764806385 0.91413345252955 0.51189988135499)] [ ( -0.7128632283096 -0.14581785961714 0.82282302143219)]}
1663162832, 78, player, created, 2, 9, { [ ( -0.45779372662097) ( -0.35412745738038) ( 0.36811944856985) ( 0.19990225080509) ( -0.27370425816271) ( 0.61141431026415)] [ ( 0.27409745111747 0.40418220255007 0.9660123412295 0.69997778539141 0.9974466094503 0.95541245376147) ( 0.93087593284195 -0.31038887627452 0.95427558705036 0.92255191750714 0.59821707760995 0.62932791601405) ( 0.97712030053274 0.47982489515062 -0.80615631161701 0.67300187178579 -0.24346656450316 -0.28210129796437)] [ ( -0.57583870316267 -0.21993365338987 0.1241382629677)]}
1663162833, 78, player, destroyed, 8, 6, { [ ( -0.45779372662097) ( -0.35412745738038) ( 0.36811944856985) ( 0.19990225080509) ( -0.27370425816271) ( 0.61141431026415)] [ ( 0.27409745111747 0.40418220255007 0.9660123412295 0.69997778539141 0.9974466094503 0.95541245376147) ( 0.93087593284195 -0.31038887627452 0.95427558705036 0.92255191750714 0.59821707760995 0.62932791601405) ( 0.97712030053274 0.47982489515062 -0.80615631161701 0.67300187178579 -0.24346656450316 -0.28210129796437)] [ ( -0.57583870316267 -0.21993365338987 0.1241382629677)]}
1663162833, 79, player, created, 8, 6, { [ ( -0.24377145723606) ( 0.95443412083896) ( 0.26933911066592) ( 0.44885801222622) ( -0.17608644344623) ( 0.0081550054802173)] [ ( 0.29776199876604 0.89943033683429 -0.15279569276735 0.11559295381743 0.56488600384968 -0.69637229033684) ( 0.96185755013703 -0.055354304765425 -0.22173166120532 0.23074839359205 0.86007068592868 0.56132906991099) ( 0.34787508488389 -0.81524438169729 -0.45845113155398 0.62999205806979 -0.096485097826099 -0.66726883393762)] [ ( 0.34280790628646 -0.35604048061123 -0.26010303343102)]}
1663162834, 66, ghost, destroyed, 18, 12, 
1663162834, 80, ghost, created, 18, 12, 
1663162836, 67, ghost, destroyed, 20, 13, 
1663162836, 81, ghost, created, 20, 13, 
1663162836, 82, pill, created, 17, 12, 
1663162837, 79, player, destroyed, 19, 13, { [ ( -0.24377145723606) ( 0.95443412083896) ( 0.26933911066592) ( 0.44885801222622) ( -0.17608644344623) ( 0.0081550054802173)] [ ( 0.29776199876604 0.89943033683429 -0.15279569276735 0.11559295381743 0.56488600384968 -0.69637229033684) ( 0.96185755013703 -0.055354304765425 -0.22173166120532 0.23074839359205 0.86007068592868 0.56132906991099) ( 0.34787508488389 -0.81524438169729 -0.45845113155398 0.62999205806979 -0.096485097826099 -0.66726883393762)] [ ( 0.34280790628646 -0.35604048061123 -0.26010303343102)]}
1663162837, 83, player, created, 19, 13, { [ ( 0.071653907768783) ( 0.35626768968729) ( 0.97864817447572) ( 0.80701633363756) ( 0.17645011382582) ( 0.90325510603003)] [ ( 0.98902886782537 -0.58228216088003 0.23870872881384 -0.70214441340018 -0.49143464595048 -0.47177786404029) ( -0.44013934584974 -0.40409527534215 0.16453230038844 -0.091158926377618 0.30408675064086 -0.10505445277667) ( 0.88832106102481 0.18378705114443 -0.29311248993484 -0.84705074029386 -0.58488228750237 -0.93129090363396)] [ ( -0.88676102683283 -0.42341404771563 -0.28861551689286)]}
1663162845, 81, ghost, destroyed, 13, 5, 
1663162845, 84, ghost, created, 13, 5, 
1663162847, 85, pill, created, 9, 2, 
